1 1 1 1
2 1 2 2
3 1 3 3
4 1 4 4
5 1 5 5
6 1 6 6
7 1 7 7
8 1 8 8
9 1 9 9
0 1 10 10
1 2 11 11
2 2 12 12
3 2 13 13
4 2 14 14
5 2 15 24
6 2 16 25
7 2 17 26
8 2 18 36
9 2 19 38
0 2 20 47
1 3 21 20
2 3 22 21
3 3 23 22
4 3 24 23
5 3 25 33
6 3 26 34
7 3 27 35
8 3 28 45
9 3 29 46
0 3 30 56
1 4 31 66
2 4 32 76
3 4 33 77
4 4 34 87
5 4 35 88
6 4 36 89
7 4 37 99
8 4 38 100
9 4 39 101
0 4 40 102
1 5 41 75
2 5 42 85
3 5 43 86
4 5 44 96
5 5 45 97
6 5 46 98
7 5 47 108
8 5 48 109
9 5 49 110
0 5 50 111
1 6 51 112
2 6 52 113
3 6 53 114
4 6 54 115
5 6 55 116
6 6 56 117
7 6 57 118
8 6 58 119
9 6 59 120
0 6 60 121
