1 1 1 1
2 1 2 2
3 1 3 3
4 1 4 4
5 1 5 5
6 1 6 6
7 1 7 7
8 1 8 8
9 1 9 9
0 1 10 10
1 2 11 11
2 2 12 12
3 2 13 13
4 2 14 14
5 2 15 24
6 2 16 25
7 2 17 26
8 2 18 36
9 2 19 48
0 2 20 47
1 3 21 20
2 3 22 21
3 3 23 22
4 3 24 23
5 3 25 33
6 3 26 34
7 3 27 35
8 3 28 45
9 3 29 46
0 3 30 56
1 4 31 66
2 4 32 76
3 4 33 77
4 4 34 87
5 4 35 88
6 4 36 89
7 4 37 99
8 4 38 100
9 4 39 101
0 4 40 102
1 5 41 75
2 5 42 85
3 5 43 86
4 5 44 96
5 5 45 97
6 5 46 98
7 5 47 108
8 5 48 109
9 5 49 110
0 5 50 111
1 6 51 112
2 6 52 113
3 6 53 114
4 6 54 115
5 6 55 116
6 6 56 117
7 6 57 118
8 6 58 119
9 6 59 120
0 6 60 121
1 1 1 1
2 2 1 1
3 3 1 1
4 4 1 1
5 5 1 1
6 6 1 1
7 7 1 1
8 8 1 1
9 9 1 1
10 0 1 1
11 1 2 1
12 2 2 1
13 3 2 1
14 4 2 1
15 . 0 0
16 . 0 0
17 . 0 0
18 . 0 0
19 . 0 0
20 1 3 1
21 2 3 1
22 3 3 1
23 4 3 1
24 5 2 1
25 6 2 1
26 7 2 1
27 . 0 0
28 . 0 0
29 . 0 0
30 . 0 0
31 . 0 0
32 . 0 0
33 5 3 1
34 6 3 1
35 7 3 1
36 8 2 1
37 9 2 1
38 . 0 0
39 . 0 0
40 . 0 0
41 . 0 0
42 . 0 0
43 . 0 0
44 . 0 0
45 8 3 1
46 9 3 1
47 0 2 1
48 9 0 0
49 . 0 0
50 . 0 0
51 . 0 0
52 . 0 0
53 . 0 0
54 . 0 0
55 . 0 0
56 0 3 1
57 . 0 0
58 . 0 0
59 . 0 0
60 . 0 0
61 . 0 0
62 . 0 0
63 . 0 0
64 . 0 0
65 . 0 0
66 1 4 1
67 . 0 0
68 . 0 0
69 . 0 0
70 . 0 0
71 . 0 0
72 . 0 0
73 . 0 0
74 . 0 0
75 1 5 1
76 2 4 1
77 3 4 1
78 . 0 0
79 . 0 0
80 . 0 0
81 . 0 0
82 . 0 0
83 . 0 0
84 . 0 0
85 2 5 1
86 3 5 1
87 4 4 1
88 5 4 1
89 6 4 1
90 . 0 0
91 . 0 0
92 . 0 0
93 . 0 0
94 . 0 0
95 . 0 0
96 4 5 1
97 5 5 1
98 6 5 1
99 7 4 1
100 8 4 1
101 9 4 1
102 0 4 1
103 . 0 0
104 . 0 0
105 . 0 0
106 . 0 0
107 . 0 0
108 7 5 1
109 8 5 1
110 9 5 1
111 0 5 1
112 1 6 1
113 2 6 1
114 3 6 1
115 4 6 1
116 5 6 1
117 6 6 1
118 7 6 1
119 8 6 1
120 9 6 1
121 . 6 1
